0.0 0.0 0.0 0
0.15294117647058825 0.23921568627450981 0.3333333333333333 1
0.16419838523644753 0.23764705882352943 0.33600922722029986 1
0.17545559400230681 0.23607843137254902 0.3386851211072664 1
0.1867128027681661 0.23450980392156864 0.341361014994233 1
0.19797001153402538 0.23294117647058823 0.34403690888119953 1
0.20922722029988466 0.23137254901960785 0.3467128027681661 1
0.22048442906574395 0.22980392156862747 0.3493886966551326 1
0.23174163783160323 0.22823529411764706 0.35206459054209915 1
0.24299884659746251 0.22666666666666668 0.35474048442906575 1
0.2542560553633218 0.22509803921568627 0.3574163783160323 1
0.2655132641291811 0.2235294117647059 0.36009227220299883 1
0.27677047289504036 0.22196078431372548 0.36276816608996537 1
0.28802768166089965 0.2203921568627451 0.36544405997693197 1
0.299284890426759 0.21882352941176472 0.3681199538638985 1
0.3105420991926182 0.2172549019607843 0.37079584775086505 1
0.32179930795847755 0.21568627450980393 0.3734717416378316 1
0.3330565167243368 0.21411764705882352 0.37614763552479813 1
0.3443137254901961 0.21254901960784314 0.3788235294117647 1
0.35557093425605535 0.21098039215686276 0.38149942329873127 1
0.3668281430219147 0.20941176470588235 0.3841753171856978 1
0.3780853517877739 0.20784313725490197 0.38685121107266435 1
0.38934256055363325 0.20627450980392156 0.38952710495963094 1
0.4005997693194925 0.20470588235294118 0.3922029988465975 1
0.41185697808535177 0.20313725490196077 0.394878892733564 1
0.42311418685121105 0.2015686274509804 0.39755478662053056 1
0.43437139561707033 0.2 0.4002306805074971 1
0.44562860438292967 0.1984313725490196 0.40290657439446365 1
0.4568858131487889 0.19686274509803922 0.40558246828143024 1
0.4681430219146482 0.19529411764705884 0.4082583621683968 1
0.47940023068050747 0.19372549019607843 0.4109342560553633 1
0.4906574394463668 0.19215686274509802 0.4136101499423299 1
0.5019146482122261 0.19058823529411764 0.41628604382929646 1
0.5131718569780853 0.18901960784313726 0.418961937716263 1
0.5244290657439445 0.18745098039215688 0.42163783160322954 1
0.5356862745098039 0.18588235294117647 0.4243137254901961 1
0.5469434832756632 0.1843137254901961 0.4269896193771626 1
0.5582006920415225 0.18274509803921568 0.42966551326412916 1
0.5694579008073817 0.1811764705882353 0.4323414071510957 1
0.580715109573241 0.1796078431372549 0.4350173010380623 1
0.5919723183391004 0.1780392156862745 0.43769319492502884 1
0.6032295271049596 0.1764705882352941 0.44036908881199543 1
0.6144867358708188 0.17490196078431375 0.4430449826989619 1
0.6257439446366782 0.17333333333333334 0.4457208765859285 1
0.6342791234140714 0.17134948096885813 0.4460899653979239 1
0.6400922722029988 0.16895040369088812 0.4441522491349481 1
0.6459054209919262 0.16655132641291812 0.4422145328719724 1
0.6517185697808535 0.16415224913494808 0.44027681660899654 1
0.6575317185697809 0.16175317185697807 0.4383391003460208 1
0.6633448673587081 0.15935409457900807 0.436401384083045 1
0.6691580161476355 0.15695501730103809 0.43446366782006923 1
0.6749711649365628 0.15455594002306805 0.43252595155709345 1
0.6807843137254902 0.15215686274509804 0.43058823529411766 1
0.6865974625144176 0.14975778546712804 0.4286505190311419 1
0.6924106113033448 0.14735870818915803 0.4267128027681661 1
0.6982237600922722 0.14495963091118802 0.4247750865051903 1
0.7040369088811995 0.14256055363321798 0.4228373702422145 1
0.7098500576701269 0.14016147635524798 0.4208996539792388 1
0.7156632064590541 0.137762399077278 0.418961937716263 1
0.7214763552479815 0.13536332179930796 0.4170242214532872 1
0.7272895040369088 0.13296424452133795 0.41508650519031143 1
0.7331026528258362 0.13056516724336792 0.41314878892733564 1
0.7389158016147634 0.12816608996539794 0.41121107266435986 1
0.7447289504036909 0.1257670126874279 0.40927335640138407 1
0.7505420991926182 0.1233679354094579 0.4073356401384083 1
0.7563552479815455 0.12096885813148789 0.4053979238754325 1
0.7621683967704729 0.11856978085351788 0.40346020761245677 1
0.7679815455594001 0.1161707035755479 0.401522491349481 1
0.7737946943483276 0.11377162629757787 0.3995847750865052 1
0.7796078431372548 0.11137254901960784 0.3976470588235294 1
0.7854209919261822 0.10897347174163782 0.3957093425605536 1
0.7912341407151096 0.10657439446366782 0.39377162629757784 1
0.7970472895040369 0.10417531718569781 0.39183391003460205 1
0.8028604382929643 0.1017762399077278 0.3898961937716263 1
0.8086735870818915 0.09937716262975778 0.38795847750865053 1
0.8144867358708188 0.0969780853517878 0.38602076124567475 1
0.8202998846597462 0.09457900807381776 0.38408304498269896 1
0.8261130334486736 0.09217993079584776 0.3821453287197232 1
0.831926182237601 0.08978085351787773 0.3802076124567474 1
0.8377393310265282 0.08738177623990773 0.3782698961937716 1
0.8435524798154556 0.08498269896193772 0.3763321799307958 1
0.8493656286043829 0.08258362168396771 0.37439446366782003 1
0.8551787773933103 0.08018454440599769 0.37245674740484425 1
0.8609919261822375 0.07778546712802771 0.3705190311418685 1
0.8668050749711649 0.07538638985005768 0.36858131487889273 1
0.8726182237600922 0.07298731257208765 0.36664359861591694 1
0.8784313725490196 0.07058823529411765 0.36470588235294116 1
0.8812918108419838 0.07667820069204152 0.36119953863898496 1
0.884152249134948 0.0827681660899654 0.3576931949250288 1
0.8870126874279123 0.08885813148788926 0.35418685121107263 1
0.8898731257208766 0.09494809688581314 0.3506805074971165 1
0.8927335640138407 0.10103806228373693 0.34717416378316035 1
0.8955940023068051 0.1071280276816609 0.34366782006920416 1
0.8984544405997693 0.11321799307958477 0.34016147635524796 1
0.9013148788927335 0.11930795847750864 0.3366551326412918 1
0.9041753171856978 0.12539792387543253 0.3331487889273356 1
0.907035755478662 0.1314878892733564 0.3296424452133795 1
0.9098961937716263 0.13757785467128028 0.3261361014994233 1
0.9127566320645906 0.14366782006920414 0.3226297577854671 1
0.9156170703575548 0.14975778546712792 0.319123414071511 1
0.918477508650519 0.15584775086505187 0.31561707035755476 1
0.9213379469434833 0.16193771626297576 0.3121107266435986 1
0.9241983852364475 0.16802768166089965 0.30860438292964243 1
0.9270588235294117 0.17411764705882352 0.30509803921568623 1
0.929919261822376 0.18020761245674738 0.3015916955017301 1
0.9327797001153403 0.18629757785467127 0.29808535178777396 1
0.9356401384083045 0.19238754325259513 0.29457900807381776 1
0.9385005767012687 0.19847750865051894 0.2910726643598616 1
0.941361014994233 0.20456747404844292 0.2875663206459054 1
0.9442214532871972 0.21065743944636675 0.2840599769319493 1
0.9470818915801614 0.21674740484429064 0.2805536332179931 1
0.9499423298731258 0.2228373702422145 0.2770472895040369 1
0.95280276816609 0.2289273356401384 0.2735409457900807 1
0.9556632064590542 0.23501730103806226 0.27003460207612456 1
0.9585236447520185 0.24110726643598612 0.2665282583621684 1
0.9613840830449827 0.24719723183390993 0.2630219146482123 1
0.9642445213379469 0.2532871972318339 0.25951557093425603 1
0.9671049596309111 0.25937716262975774 0.2560092272202999 1
0.9699653979238754 0.26546712802768163 0.2525028835063437 1
0.9728258362168397 0.2715570934256055 0.24899653979238756 1
0.9756862745098039 0.27764705882352936 0.24549019607843137 1
0.9785467128027682 0.28373702422145325 0.24198385236447523 1
0.9814071510957324 0.28982698961937714 0.23847750865051903 1
0.9842675893886966 0.2959169550173009 0.23497116493656292 1
0.9871280276816609 0.3020069204152249 0.2314648212226067 1
0.9899884659746252 0.30809688581314876 0.22795847750865053 1
0.9928489042675894 0.3141868512110726 0.22445213379469436 1
0.9957093425605537 0.32027681660899654 0.2209457900807382 1
0.9985697808535179 0.3263667820069204 0.217439446366782 1
0.9997693194925029 0.33379469434832754 0.2155940023068051 1
0.9993079584775086 0.34256055363321797 0.2154094579008074 1
0.9988465974625144 0.3513264129181084 0.2152249134948097 1
0.9983852364475202 0.36009227220299883 0.215040369088812 1
0.9979238754325259 0.36885813148788904 0.2148558246828143 1
0.9974625144175318 0.3776239907727797 0.21467128027681662 1
0.9970011534025375 0.3863898500576701 0.21448673587081893 1
0.9965397923875432 0.39515570934256056 0.21430219146482124 1
0.996078431372549 0.403921568627451 0.21411764705882355 1
0.9956170703575548 0.41268742791234136 0.21393310265282584 1
0.9951557093425606 0.42145328719723185 0.21374855824682815 1
0.9946943483275663 0.43021914648212223 0.21356401384083046 1
0.994232987312572 0.43898500576701266 0.21337946943483277 1
0.9937716262975779 0.4477508650519031 0.21319492502883508 1
0.9933102652825836 0.4565167243367935 0.2130103806228374 1
0.9928489042675894 0.46528258362168395 0.21282583621683968 1
0.9923875432525952 0.4740484429065744 0.212641291810842 1
0.9919261822376009 0.4828143021914648 0.2124567474048443 1
0.9914648212226067 0.4915801614763552 0.2122722029988466 1
0.9910034602076124 0.5003460207612457 0.21208765859284892 1
0.9905420991926183 0.5091118800461358 0.21190311418685123 1
0.990080738177624 0.5178777393310265 0.21171856978085352 1
0.9896193771626297 0.5266435986159169 0.21153402537485583 1
0.9891580161476355 0.5354094579008073 0.21134948096885814 1
0.9886966551326413 0.5441753171856978 0.21116493656286045 1
0.988235294117647 0.5529411764705882 0.21098039215686276 1
0.9877739331026528 0.5617070357554786 0.21079584775086507 1
0.9873125720876585 0.570472895040369 0.21061130334486736 1
0.9868512110726644 0.5792387543252595 0.21042675893886967 1
0.9863898500576701 0.5880046136101499 0.21024221453287198 1
0.9859284890426758 0.5967704728950403 0.2100576701268743 1
0.9854671280276817 0.6055363321799307 0.2098731257208766 1
0.9850057670126874 0.6143021914648212 0.2096885813148789 1
0.9845444059976932 0.6230680507497116 0.2095040369088812 1
0.9840830449826989 0.631833910034602 0.2093194925028835 1
0.9836216839677047 0.6405997693194925 0.20913494809688582 1
0.9831603229527105 0.6493656286043826 0.20895040369088813 1
0.9826989619377162 0.6581314878892732 0.20876585928489044 1
0.9822376009227219 0.6668973471741637 0.20858131487889275 1
0.9817762399077278 0.6756632064590542 0.20839677047289507 1
0.9813148788927335 0.6844290657439446 0.20821222606689735 1
0.9808535178777393 0.693194925028835 0.20802768166089966 1
0.9803921568627451 0.7019607843137254 0.20784313725490197 1
0.9808535178777393 0.7089734717416378 0.20765859284890428 1
0.9813148788927335 0.7159861591695501 0.2074740484429066 1
0.9817762399077278 0.7229988465974625 0.2072895040369089 1
0.9822376009227219 0.7300115340253748 0.2071049596309112 1
0.9826989619377162 0.7370242214532872 0.2069204152249135 1
0.9831603229527105 0.7440369088811994 0.2067358708189158 1
0.9836216839677047 0.7510495963091118 0.20655132641291812 1
0.9840830449826989 0.7580622837370242 0.20636678200692044 1
0.9845444059976932 0.7650749711649365 0.20618223760092275 1
0.9850057670126874 0.7720876585928487 0.20599769319492506 1
0.9854671280276817 0.7791003460207612 0.20581314878892734 1
0.9859284890426758 0.7861130334486736 0.20562860438292965 1
0.9863898500576701 0.7931257208765858 0.20544405997693196 1
0.9868512110726644 0.8001384083044982 0.20525951557093428 1
0.9873125720876585 0.8071510957324106 0.2050749711649366 1
0.9877739331026528 0.8141637831603229 0.20489042675893887 1
0.988235294117647 0.8211764705882353 0.20470588235294118 1
0.9886966551326413 0.8281891580161476 0.2045213379469435 1
0.9891580161476355 0.83520184544406 0.2043367935409458 1
0.9896193771626297 0.8422145328719723 0.20415224913494812 1
0.990080738177624 0.8492272202998846 0.20396770472895043 1
0.9905420991926182 0.856239907727797 0.2037831603229527 1
0.9910034602076124 0.8632525951557093 0.20359861591695502 1
0.9914648212226067 0.8702652825836217 0.20341407151095733 1
0.9919261822376009 0.8772779700115341 0.20322952710495965 1
0.9923875432525952 0.8842906574394461 0.20304498269896196 1
0.9928489042675894 0.8913033448673586 0.20286043829296427 1
0.9933102652825836 0.898316032295271 0.20267589388696655 1
0.9937716262975779 0.9053287197231834 0.20249134948096886 1
0.994232987312572 0.9123414071510958 0.20230680507497117 1
0.9946943483275663 0.9193540945790081 0.20212226066897349 1
0.9951557093425606 0.9263667820069204 0.2019377162629758 1
0.9956170703575548 0.9333794694348327 0.2017531718569781 1
0.996078431372549 0.9403921568627451 0.2015686274509804 1
0.9965397923875432 0.9474048442906574 0.2013840830449827 1
0.9970011534025375 0.9544175317185697 0.20119953863898501 1
0.9974625144175318 0.9614302191464821 0.20101499423298733 1
0.9979238754325259 0.9684429065743945 0.20083044982698964 1
0.9983852364475202 0.9754555940023069 0.20064590542099195 1
0.9988465974625144 0.9824682814302191 0.20046136101499423 1
0.9993079584775086 0.9894809688581314 0.20027681660899654 1
0.9997693194925029 0.9964936562860436 0.20009227220299886 1
1.0 1.0 0.20941176470588235 1
1.0 1.0 0.22823529411764706 1
1.0 1.0 0.24705882352941178 1
1.0 1.0 0.26588235294117646 1
1.0 1.0 0.2847058823529412 1
1.0 1.0 0.30352941176470594 1
1.0 1.0 0.3223529411764706 1
1.0 1.0 0.3411764705882353 1
1.0 1.0 0.36000000000000004 1
1.0 1.0 0.3788235294117647 1
1.0 1.0 0.39764705882352946 1
1.0 1.0 0.41647058823529415 1
1.0 1.0 0.43529411764705883 1
1.0 1.0 0.4541176470588235 1
1.0 1.0 0.47294117647058825 1
1.0 1.0 0.49176470588235244 1
1.0 1.0 0.5105882352941177 1
1.0 1.0 0.5294117647058824 1
1.0 1.0 0.5482352941176472 1
1.0 1.0 0.5670588235294118 1
1.0 1.0 0.5858823529411765 1
1.0 1.0 0.6047058823529412 1
1.0 1.0 0.6235294117647059 1
1.0 1.0 0.6423529411764706 1
1.0 1.0 0.6611764705882353 1
1.0 1.0 0.6799999999999999 1
1.0 1.0 0.6988235294117647 1
1.0 1.0 0.7176470588235295 1
1.0 1.0 0.7364705882352942 1
1.0 1.0 0.7552941176470589 1
1.0 1.0 0.7741176470588236 1
1.0 1.0 0.7929411764705878 1
1.0 1.0 0.8117647058823529 1
1.0 1.0 0.8305882352941176 1
1.0 1.0 0.8494117647058823 1
1.0 1.0 0.8682352941176472 1
1.0 1.0 0.8870588235294117 1
1.0 1.0 0.9058823529411766 1
1.0 1.0 0.9247058823529413 1
1.0 1.0 0.943529411764706 1
1.0 1.0 0.9623529411764706 1
1.0 1.0 1.0 1