0.0 0.0 0.0 0
0.023647058823529413 0.00811764705882353 0.007764705882352941 1
0.04729411764705883 0.01623529411764706 0.015529411764705882 1
0.07094117647058824 0.024352941176470588 0.023294117647058823 1
0.09458823529411765 0.03247058823529412 0.031058823529411764 1
0.11823529411764708 0.040588235294117654 0.03882352941176471 1
0.1418823529411765 0.048705882352941175 0.046588235294117646 1
0.1655294117647059 0.05682352941176471 0.05435294117647059 1
0.1891764705882353 0.06494117647058824 0.06211764705882353 1
0.21282352941176474 0.07305882352941177 0.06988235294117648 1
0.23647058823529415 0.08117647058823531 0.07764705882352942 1
0.26011764705882356 0.08929411764705883 0.08541176470588235 1
0.283764705882353 0.09741176470588235 0.09317647058823529 1
0.3074117647058824 0.1055294117647059 0.10094117647058824 1
0.3310588235294118 0.11364705882352942 0.10870588235294118 1
0.3547058823529412 0.12176470588235294 0.11647058823529412 1
0.3783529411764706 0.12988235294117648 0.12423529411764705 1
0.402 0.138 0.132 1
0.4256470588235295 0.14611764705882355 0.13976470588235296 1
0.4492941176470589 0.15423529411764708 0.1475294117647059 1
0.4729411764705883 0.16235294117647062 0.15529411764705883 1
0.4965882352941177 0.17047058823529412 0.16305882352941178 1
0.5202352941176471 0.17858823529411766 0.1708235294117647 1
0.5438823529411765 0.1867058823529412 0.17858823529411766 1
0.567529411764706 0.1948235294117647 0.18635294117647058 1
0.5911764705882354 0.20294117647058826 0.19411764705882356 1
0.6148235294117648 0.2110588235294118 0.20188235294117648 1
0.6384705882352942 0.2191764705882353 0.20964705882352944 1
0.6621176470588236 0.22729411764705884 0.21741176470588236 1
0.6718823529411765 0.23447058823529413 0.2235294117647059 1
0.6747058823529413 0.2411764705882353 0.2288235294117647 1
0.6775294117647059 0.2478823529411765 0.23411764705882354 1
0.6803529411764706 0.25458823529411767 0.23941176470588235 1
0.6831764705882353 0.2612941176470588 0.24470588235294116 1
0.686 0.268 0.25 1
0.6888235294117647 0.2747058823529412 0.25529411764705884 1
0.6916470588235294 0.28141176470588236 0.2605882352941177 1
0.6944705882352942 0.2881176470588235 0.26588235294117646 1
0.6972941176470588 0.2948235294117647 0.2711764705882353 1
0.7001176470588235 0.3015294117647059 0.27647058823529413 1
0.7029411764705883 0.30823529411764705 0.2817647058823529 1
0.705764705882353 0.31494117647058817 0.2870588235294117 1
0.7085882352941176 0.3216470588235294 0.2923529411764706 1
0.7114117647058824 0.3283529411764706 0.29764705882352943 1
0.7142352941176471 0.33505882352941174 0.30294117647058827 1
0.7170588235294117 0.3417647058823529 0.30823529411764705 1
0.7198823529411765 0.34847058823529414 0.3135294117647059 1
0.7227058823529412 0.3551764705882353 0.31882352941176473 1
0.7255294117647059 0.3618823529411765 0.3241176470588235 1
0.7283529411764705 0.3685882352941176 0.32941176470588235 1
0.7311764705882353 0.37529411764705883 0.3347058823529412 1
0.734 0.382 0.33999999999999997 1
0.7368235294117647 0.3887058823529412 0.34529411764705886 1
0.7396470588235294 0.3954117647058823 0.35058823529411764 1
0.7424705882352941 0.4021176470588235 0.3558823529411765 1
0.7452941176470589 0.4088235294117647 0.3611764705882353 1
0.7481176470588236 0.4155294117647059 0.3664705882352941 1
0.7507058823529411 0.4217647058823529 0.37141176470588233 1
0.7528235294117647 0.42705882352941177 0.37564705882352944 1
0.7549411764705882 0.4323529411764706 0.37988235294117645 1
0.7570588235294118 0.4376470588235294 0.3841176470588235 1
0.7591764705882353 0.44294117647058817 0.38835294117647057 1
0.7612941176470588 0.44823529411764707 0.3925882352941176 1
0.7634117647058823 0.45352941176470585 0.3968235294117647 1
0.7655294117647059 0.4588235294117647 0.40105882352941175 1
0.7676470588235295 0.4641176470588235 0.4052941176470588 1
0.7697647058823529 0.46941176470588225 0.4095294117647058 1
0.7718823529411765 0.47470588235294114 0.4137647058823529 1
0.774 0.48 0.418 1
0.7761176470588236 0.4852941176470588 0.42223529411764704 1
0.7782352941176471 0.4905882352941176 0.4264705882352941 1
0.7803529411764706 0.49588235294117644 0.43070588235294116 1
0.7824705882352941 0.5011764705882353 0.4349411764705882 1
0.7845882352941177 0.5064705882352941 0.4391764705882353 1
0.7867058823529411 0.5117647058823528 0.4434117647058823 1
0.7888235294117647 0.5170588235294118 0.4476470588235294 1
0.7909411764705883 0.5223529411764706 0.45188235294117646 1
0.7930588235294118 0.5276470588235294 0.4561176470588235 1
0.7951764705882354 0.5329411764705883 0.4603529411764706 1
0.7972941176470588 0.538235294117647 0.46458823529411764 1
0.7994117647058824 0.5435294117647058 0.4688235294117647 1
0.8015294117647059 0.5488235294117647 0.47305882352941175 1
0.8036470588235294 0.5541176470588234 0.47729411764705876 1
0.8057647058823529 0.5594117647058823 0.4815294117647059 1
0.8078823529411765 0.5647058823529412 0.48576470588235293 1
0.81 0.57 0.49 1
0.8121176470588236 0.576 0.49458823529411766 1
0.8142352941176471 0.582 0.4991764705882353 1
0.8163529411764706 0.588 0.5037647058823529 1
0.8184705882352942 0.594 0.5083529411764706 1
0.8205882352941176 0.5999999999999999 0.5129411764705881 1
0.8227058823529412 0.606 0.5175294117647059 1
0.8248235294117647 0.612 0.5221176470588236 1
0.8269411764705883 0.618 0.5267058823529411 1
0.8290588235294118 0.624 0.5312941176470588 1
0.8311764705882353 0.63 0.5358823529411765 1
0.8332941176470589 0.636 0.5404705882352941 1
0.8354117647058824 0.642 0.5450588235294118 1
0.8375294117647059 0.6479999999999999 0.5496470588235294 1
0.8396470588235294 0.654 0.554235294117647 1
0.841764705882353 0.66 0.5588235294117647 1
0.8438823529411765 0.666 0.5634117647058824 1
0.846 0.6719999999999999 0.5680000000000001 1
0.8481176470588235 0.6779999999999999 0.5725882352941176 1
0.8502352941176471 0.6839999999999999 0.5771764705882353 1
0.8523529411764706 0.69 0.581764705882353 1
0.8544705882352941 0.696 0.5863529411764705 1
0.8565882352941177 0.702 0.5909411764705883 1
0.8587058823529412 0.708 0.5955294117647059 1
0.8608235294117648 0.714 0.6001176470588235 1
0.8629411764705882 0.72 0.6047058823529412 1
0.8650588235294118 0.726 0.6092941176470589 1
0.8671764705882353 0.732 0.6138823529411765 1
0.8692941176470588 0.738 0.6184705882352941 1
0.8704705882352941 0.7435294117647058 0.6225882352941176 1
0.8711764705882353 0.7488235294117647 0.6264705882352941 1
0.8718823529411764 0.7541176470588236 0.6303529411764706 1
0.8725882352941177 0.7594117647058823 0.634235294117647 1
0.8732941176470588 0.7647058823529411 0.6381176470588236 1
0.874 0.77 0.642 1
0.8747058823529412 0.7752941176470588 0.6458823529411765 1
0.8754117647058823 0.7805882352941176 0.6497647058823529 1
0.8761176470588236 0.7858823529411764 0.6536470588235294 1
0.8768235294117647 0.7911764705882353 0.6575294117647059 1
0.8775294117647059 0.796470588235294 0.6614117647058824 1
0.878235294117647 0.8017647058823529 0.6652941176470588 1
0.8789411764705882 0.8070588235294117 0.6691764705882353 1
0.8796470588235294 0.8123529411764705 0.6730588235294117 1
0.8803529411764706 0.8176470588235294 0.6769411764705882 1
0.8810588235294118 0.8229411764705882 0.6808235294117646 1
0.8817647058823529 0.828235294117647 0.6847058823529412 1
0.8824705882352941 0.8335294117647059 0.6885882352941176 1
0.8831764705882352 0.8388235294117645 0.692470588235294 1
0.8838823529411765 0.8441176470588234 0.6963529411764705 1
0.8845882352941177 0.8494117647058823 0.700235294117647 1
0.8852941176470588 0.8547058823529411 0.7041176470588235 1
0.886 0.8599999999999999 0.708 1
0.8867058823529412 0.8652941176470588 0.7118823529411764 1
0.8874117647058823 0.8705882352941176 0.7157647058823529 1
0.8881176470588236 0.8758823529411763 0.7196470588235293 1
0.8888235294117647 0.8811764705882352 0.7235294117647058 1
0.8895294117647059 0.886470588235294 0.7274117647058822 1
0.8881176470588237 0.8891764705882353 0.7289411764705883 1
0.8824705882352942 0.8867058823529412 0.725764705882353 1
0.8768235294117648 0.8842352941176471 0.7225882352941176 1
0.8711764705882354 0.881764705882353 0.7194117647058824 1
0.865529411764706 0.8792941176470589 0.7162352941176471 1
0.8598823529411765 0.8768235294117648 0.7130588235294117 1
0.8542352941176473 0.8743529411764707 0.7098823529411766 1
0.8485882352941178 0.8718823529411766 0.7067058823529412 1
0.8429411764705883 0.8694117647058823 0.703529411764706 1
0.8372941176470589 0.8669411764705882 0.7003529411764706 1
0.8316470588235295 0.8644705882352941 0.6971764705882353 1
0.8260000000000001 0.862 0.6940000000000001 1
0.8203529411764706 0.8595294117647059 0.6908235294117647 1
0.8147058823529412 0.8570588235294118 0.6876470588235294 1
0.8090588235294118 0.8545882352941176 0.6844705882352942 1
0.8034117647058824 0.8521176470588235 0.6812941176470588 1
0.7977647058823529 0.8496470588235294 0.6781176470588236 1
0.7921176470588236 0.8471764705882353 0.6749411764705883 1
0.7864705882352941 0.8447058823529412 0.6717647058823529 1
0.7808235294117647 0.8422352941176471 0.6685882352941177 1
0.7751764705882354 0.839764705882353 0.6654117647058824 1
0.7695294117647059 0.8372941176470587 0.662235294117647 1
0.7638823529411767 0.8348235294117647 0.6590588235294119 1
0.7582352941176471 0.8323529411764705 0.6558823529411765 1
0.7525882352941177 0.8298823529411764 0.6527058823529412 1
0.7469411764705882 0.8274117647058823 0.6495294117647059 1
0.7412941176470589 0.8249411764705882 0.6463529411764706 1
0.7356470588235294 0.8224705882352941 0.6431764705882353 1
0.73 0.82 0.64 1
0.7232941176470589 0.8154117647058823 0.6350588235294118 1
0.7165882352941176 0.8108235294117646 0.6301176470588236 1
0.7098823529411764 0.806235294117647 0.6251764705882353 1
0.7031764705882353 0.8016470588235294 0.6202352941176471 1
0.6964705882352942 0.7970588235294117 0.6152941176470589 1
0.689764705882353 0.792470588235294 0.6103529411764707 1
0.6830588235294117 0.7878823529411765 0.6054117647058823 1
0.6763529411764706 0.7832941176470588 0.6004705882352941 1
0.6696470588235295 0.7787058823529411 0.5955294117647059 1
0.6629411764705885 0.7741176470588236 0.5905882352941179 1
0.656235294117647 0.7695294117647058 0.5856470588235294 1
0.6495294117647059 0.7649411764705882 0.5807058823529412 1
0.6428235294117648 0.7603529411764706 0.575764705882353 1
0.6361176470588236 0.7557647058823529 0.5708235294117647 1
0.6294117647058824 0.7511764705882352 0.5658823529411765 1
0.6227058823529412 0.7465882352941177 0.5609411764705883 1
0.6160000000000001 0.742 0.556 1
0.6092941176470589 0.7374117647058823 0.5510588235294118 1
0.6025882352941178 0.7328235294117647 0.5461176470588236 1
0.5958823529411765 0.7282352941176471 0.5411764705882354 1
0.5891764705882354 0.7236470588235294 0.5362352941176471 1
0.5824705882352942 0.7190588235294118 0.5312941176470589 1
0.575764705882353 0.7144705882352941 0.5263529411764706 1
0.5690588235294118 0.7098823529411764 0.5214117647058824 1
0.5623529411764707 0.7052941176470588 0.5164705882352941 1
0.5556470588235297 0.7007058823529413 0.511529411764706 1
0.5489411764705883 0.6961176470588235 0.5065882352941177 1
0.5422352941176471 0.6915294117647058 0.5016470588235294 1
0.5360000000000001 0.6871764705882353 0.4969411764705883 1
0.53 0.6829411764705882 0.4923529411764706 1
0.524 0.6787058823529412 0.487764705882353 1
0.518 0.674470588235294 0.4831764705882353 1
0.512 0.670235294117647 0.47858823529411765 1
0.506 0.6659999999999999 0.47400000000000003 1
0.5 0.6617647058823529 0.46941176470588236 1
0.49400000000000005 0.6575294117647058 0.46482352941176475 1
0.48800000000000004 0.6532941176470588 0.4602352941176471 1
0.48200000000000004 0.6490588235294117 0.4556470588235294 1
0.47600000000000003 0.6448235294117647 0.4510588235294118 1
0.47000000000000003 0.6405882352941176 0.4464705882352941 1
0.464 0.6363529411764706 0.4418823529411765 1
0.4580000000000002 0.6321176470588236 0.43729411764705894 1
0.452 0.6278823529411764 0.43270588235294116 1
0.446 0.6236470588235293 0.4281176470588235 1
0.44 0.6194117647058823 0.4235294117647059 1
0.434 0.6151764705882352 0.4189411764705882 1
0.428 0.6109411764705882 0.4143529411764706 1
0.422 0.6067058823529411 0.4097647058823529 1
0.416 0.6024705882352941 0.40517647058823525 1
0.41 0.598235294117647 0.40058823529411763 1
0.40399999999999997 0.594 0.39599999999999996 1
0.39799999999999996 0.5897647058823529 0.39141176470588235 1
0.39199999999999996 0.5855294117647059 0.3868235294117647 1
0.38599999999999995 0.5812941176470587 0.382235294117647 1
0.37999999999999995 0.5770588235294116 0.37764705882352934 1
0.37399999999999994 0.5728235294117646 0.3730588235294117 1
0.36835294117647055 0.5687058823529411 0.36870588235294116 1
0.36341176470588243 0.5648235294117647 0.36482352941176477 1
0.3584705882352941 0.5609411764705882 0.3609411764705882 1
0.3535294117647058 0.5570588235294117 0.3570588235294117 1
0.3485882352941176 0.5531764705882353 0.35317647058823526 1
0.34364705882352936 0.5492941176470587 0.3492941176470588 1
0.33870588235294113 0.5454117647058823 0.3454117647058823 1
0.3337647058823529 0.5415294117647058 0.34152941176470586 1
0.3288235294117647 0.5376470588235294 0.3376470588235294 1
0.32388235294117645 0.5337647058823529 0.3337647058823529 1
0.31894117647058823 0.5298823529411765 0.32988235294117646 1
0.31399999999999995 0.5259999999999999 0.32599999999999996 1
0.3090588235294117 0.5221176470588235 0.3221176470588235 1
0.3041176470588235 0.518235294117647 0.31823529411764706 1
0.29917647058823527 0.5143529411764706 0.31435294117647056 1
0.29423529411764704 0.5104705882352941 0.3104705882352941 1
0.2892941176470588 0.5065882352941176 0.3065882352941176 1
0.2843529411764707 0.5027058823529412 0.30270588235294127 1
0.27941176470588236 0.49882352941176467 0.2988235294117647 1
0.27447058823529413 0.4949411764705882 0.2949411764705882 1
0.2695294117647059 0.49105882352941177 0.29105882352941176 1
0.2645882352941176 0.48717647058823527 0.28717647058823526 1
0.2596470588235294 0.4832941176470588 0.2832941176470588 1
0.25470588235294117 0.47941176470588237 0.27941176470588236 1
0.24976470588235294 0.47552941176470587 0.2755294117647059 1
0.24482352941176472 0.4716470588235294 0.2716470588235294 1
0.23988235294117646 0.46776470588235297 0.26776470588235296 1
0.23494117647058824 0.46388235294117647 0.26388235294117646 1
0.23 0.46 0.26 1